527
524
521
1283
1286
1046
1043
72
73
70
71
76
77
74
75
78
79
1268
1265
731
737
734
963
359
608
609
356
350
353
281
287
285
518
958
959
1073
1076
778
955
1389
1388
1383
1385
556
557
554
974
551
1253
1250
1256
970
611
612
614
617
299
296
290
293
728
725
722
506
500
503
1064
1067
1061
14
15
16
17
10
11
12
13
18
19
1392
1391
1396
1397
1394
1395
996
997
994
995
992
993
990
991
998
999
1247
1241
198
197
191
371
377
374
978
979
750
976
977
971
972
973
578
579
408
404
401
1019
1018
1011
1010
1013
1012
1015
1014
1017
1016
29
28
21
20
23
22
25
24
27
26
1124
1128
690
695
696
981
980
983
982
985
984
987
986
989
988
1232
1235
755
757
188
182
185
1349
1343
1342
360
363
362
749
969
968
743
741
740
747
746
563
560
567
419
416
414
413
1008
1009
1002
1003
1000
1001
1006
1007
1004
1005
38
39
36
37
34
35
32
33
30
31
1136
1133
1130
1139
1220
1229
174
176
170
173
179
888
889
880
881
882
883
884
885
886
887
1358
1355
1352
1353
311
317
318
776
777
774
775
772
773
770
771
952
953
950
951
956
957
954
779
224
227
221
798
799
794
795
796
797
790
791
792
793
1406
428
420
421
427
425
927
926
929
928
1037
1034
1031
602
1103
1100
1106
1109
1211
167
164
161
168
899
898
893
892
891
890
897
896
895
894
1214
1361
1365
1364
302
305
308
857
856
324
945
944
947
946
941
940
943
942
769
768
850
949
948
239
236
543
542
545
789
788
787
786
785
784
783
782
781
780
434
437
431
1020
1021
1022
1023
1024
1025
1026
1028
337
1118
1115
1112
1208
1202
1203
1205
155
158
1375
1376
1370
930
931
932
933
934
935
936
937
938
939
209
203
200
206
848
849
338
844
845
846
847
840
841
842
843
446
449
391
392
395
763
762
765
764
767
766
1163
233
231
230
1301
1302
1304
1307
1412
923
922
921
920
925
924
146
140
218
329
859
858
321
320
855
854
853
852
851
452
450
458
1178
1172
1313
1310
1316
918
919
916
917
914
915
912
913
910
911
138
139
131
132
133
134
137
593
590
591
596
269
599
686
868
683
680
862
863
860
861
866
867
864
865
465
461
668
669
665
660
662
89
88
87
86
85
84
83
82
81
80
1145
1142
1141
1148
967
966
965
1091
964
962
961
960
1328
1325
1322
909
908
901
900
903
902
905
904
907
906
128
123
122
121
120
127
126
125
273
278
975
875
874
877
876
871
870
873
872
699
879
878
479
478
470
473
674
585
584
581
582
98
99
94
95
97
90
91
92
93
1151
1154
1157
1158
1082
1085
1088
1331
1337
116
117
114
115
112
113
110
118
119
1409
800
801
802
803
804
805
806
807
808
809
485
480
481
482
483
1402
1400
642
641
647
644
245
260
264
265
266
347
341
49
48
43
42
41
40
47
46
45
44
1181
869
101
100
104
107
106
108
689
813
812
811
810
817
816
815
814
819
818
497
494
491
656
650
659
251
254
257
605
603
58
59
50
51
52
53
54
55
56
57
1190
1199
716
710
713
719
398
828
829
826
827
824
825
822
823
820
821
621
622
623
626
629
539
536
530
383
380
386
1295
1298
1055
1052
1058
69
68
65
64
67
66
61
60
63
62
1274
1277
1271
8
9
6
7
4
5
2
3
0
1
707
706
701
839
838
389
831
830
833
832
835
834
837
836
633
632
631
630
636
635
638
335
332
333
